CGLS
cgls_175 = [35.0, 28.22, 26.55, 26.46, 27.86, 29.85, 32.7, 34.94, 36.43, 37.99, 39.35, 40.18, 40.85, 41.66, 42.19, 42.57, 42.9, 43.19, 43.57, 43.82, 44.11, 44.35, 44.65, 45.06, 45.48]
cgls_430 = [37.44, 41.66, 47.24, 53.11, 57.61, 61.27, 65.03, 67.17, 68.6, 69.74, 70.82, 71.48, 72.02, 72.57, 73.01, 73.48, 73.84, 74.18, 74.54, 74.83, 75.15, 75.5, 75.82, 76.12, 76.38]
cgls_230 = [36.56, 40.81, 47.48, 54.46, 59.26, 63.07, 67.06, 69.42, 71.17, 72.51, 73.77, 74.54, 75.05, 75.66, 76.07, 76.44, 76.69, 76.87, 77.08, 77.23, 77.57, 77.95, 78.35, 78.74, 79.08]
cgls_330 = [35.76, 41.2, 47.18, 53.42, 59.09, 62.87, 66.8, 69.15, 70.88, 72.16, 73.34, 74.07, 74.6, 75.23, 75.64, 76.01, 76.31, 76.54, 76.73, 76.84, 76.96, 77.05, 77.1, 77.11, 77.09]
cgls_90 = [36.54, 34.52, 43.36, 50.67, 57.06, 61.21, 65.5, 68.25, 70.07, 71.41, 72.75, 73.62, 74.3, 74.94, 75.38, 75.8, 76.12, 76.56, 77.0, 77.39, 77.75, 78.16, 78.61, 79.04, 79.38]

SIRT

sirt_175 = [41.46, 40.27, 35.11, 29.04, 24.91, 21.97, 19.87, 18.4, 17.48, 16.93, 16.6, 16.37, 16.21, 16.13, 16.12, 16.16, 16.22, 16.31, 16.43, 16.57, 16.74, 16.92, 17.1, 17.29, 17.48]

sirt_430 = [43.5, 39.99, 36.52, 34.35, 34.32, 35.13, 36.24, 37.47, 38.69, 39.87, 40.97, 42.03, 43.03, 43.99, 44.91, 45.77, 46.58, 47.34, 48.06, 48.75, 49.39, 50.0, 50.56, 51.1, 51.61]

sirt_230 = [42.72, 39.0, 35.14, 33.54, 34.05, 35.33, 36.86, 38.43, 39.99, 41.45, 42.8, 44.08, 45.27, 46.37, 47.39, 48.34, 49.24, 50.09, 50.88, 51.63, 52.34, 53.01, 53.64, 54.23, 54.81]

sirt_330 = [43.11, 39.31, 35.77, 33.66, 33.81, 34.85, 36.23, 37.64, 39.08, 40.54, 41.9, 43.17, 44.37, 45.49, 46.53, 47.51, 48.42, 49.27, 50.07, 50.81, 51.53, 52.2, 52.84, 53.44, 54.01]

sirt_90 = [42.3, 44.26, 32.48, 25.52, 26.13, 27.96, 30.09, 32.25, 34.31, 36.2, 37.92, 39.5, 40.93, 42.25, 43.45, 44.57, 45.61, 46.54, 47.42, 48.3, 49.11, 49.86, 50.57, 51.27, 51.93]


PDHG

pdhg_175 = [36.54, 33.33, 29.21, 32.53, 39.34, 42.47, 48.77, 53.19, 53.81, 54.13, 55.59, 56.76, 57.62, 59.34, 60.71, 60.96, 60.25, 59.08, 57.99, 57.13, 56.56, 55.98, 55.9, 55.55, 55.09]

pdhg_430 = [40.58, 38.77, 44.08, 52.12, 60.92, 67.25, 74.01, 78.07, 79.39, 80.49, 81.59, 82.59, 83.36, 83.85, 84.71, 85.34, 85.52, 85.28, 84.92, 84.41, 83.75, 82.92, 82.11, 81.58, 81.41]

pdhg_230 = [39.3, 37.94, 43.33, 52.48, 61.41, 67.72, 74.22, 78.22, 79.79, 81.0, 82.29, 83.44, 84.38, 85.31, 86.28, 86.92, 87.29, 87.33, 87.16, 86.83, 86.35, 85.7, 85.02, 84.29, 83.83]

pdhg_330 = [40.3, 38.05, 43.8, 51.73, 60.6, 67.74, 73.96, 78.16, 80.01, 81.12, 82.31, 83.46, 84.53, 85.44, 86.56, 87.29, 87.51, 87.45, 87.21, 86.82, 86.27, 85.65, 85.33, 84.68, 83.95]

pdhg_90 = [35.08, 33.05, 37.32, 49.46, 60.25, 67.15, 73.32, 77.36, 79.64, 80.66, 82.16, 83.59, 84.71, 85.7, 86.52, 87.08, 87.24, 87.26, 87.08, 86.78, 86.39, 85.97, 85.39, 84.71, 84.22]
