CGLS

cgls_175 = [48.26, 45.07, 39.38, 35.41, 30.77, 27.86, 23.96, 21.19, 19.35, 17.53, 15.97, 15.03, 14.28, 13.4, 12.82, 12.41, 12.06, 11.77, 11.37, 11.11, 10.81, 10.59, 10.32, 10.04, 9.78]

cgls_430 = [72.68, 55.08, 43.82, 34.99, 28.58, 24.26, 20.0, 17.62, 15.87, 14.53, 13.27, 12.57, 11.94, 11.3, 10.77, 10.2, 9.76, 9.36, 8.98, 8.71, 8.46, 8.28, 8.22, 8.26, 8.39]

cgls_230 = [76.99, 57.07, 44.35, 34.18, 27.46, 23.16, 18.92, 16.44, 14.52, 13.11, 11.81, 11.06, 10.63, 9.97, 9.55, 9.22, 9.0, 8.83, 8.59, 8.41, 7.88, 7.59, 7.54, 7.73, 8.14]

cgls_330 = [76.58, 58.16, 45.36, 35.9, 28.37, 24.09, 19.83, 17.28, 15.43, 14.3, 13.51, 13.18, 12.94, 12.4, 12.15, 11.9, 11.64, 11.42, 11.31, 11.25, 11.13, 10.97, 10.76, 10.59, 10.49]

cgls_90 = [78.88, 63.81, 48.73, 38.74, 30.86, 26.25, 21.56, 18.51, 16.38, 14.82, 13.31, 12.33, 11.66, 11.25, 11.03, 10.87, 10.64, 10.08, 9.31, 8.68, 7.86, 7.27, 6.83, 6.57, 6.51]


SIRT

sirt_175 = [49.05, 50.72, 52.46, 53.8, 53.84, 53.18, 52.25, 51.2, 50.32, 49.61, 49.07, 48.48, 47.81, 47.12, 46.48, 45.87, 45.35, 44.86, 44.32, 43.78, 43.22, 42.72, 42.25, 41.8, 41.38]

sirt_430 = [80.75, 73.88, 68.36, 64.44, 60.84, 57.63, 54.83, 52.31, 50.16, 48.23, 46.57, 45.07, 43.69, 42.42, 41.23, 40.15, 39.17, 38.25, 37.39, 36.59, 35.85, 35.17, 34.54, 33.95, 33.41]

sirt_230 = [86.01, 77.78, 70.87, 66.04, 61.82, 58.16, 55.0, 52.22, 49.7, 47.52, 45.61, 43.87, 42.3, 40.9, 39.63, 38.47, 37.38, 36.38, 35.46, 34.59, 33.79, 33.03, 32.33, 31.68, 31.06]

sirt_330 = [84.18, 76.98, 71.25, 67.01, 63.03, 59.45, 56.32, 53.65, 51.26, 49.0, 47.04, 45.28, 43.69, 42.27, 40.96, 39.79, 38.7, 37.71, 36.78, 35.92, 35.12, 34.38, 33.68, 33.06, 32.51]

sirt_90 = [80.59, 84.41, 80.26, 75.36, 70.62, 66.27, 62.46, 59.1, 56.17, 53.62, 51.4, 49.43, 47.68, 46.1, 44.7, 43.39, 42.21, 41.16, 40.16, 39.18, 38.29, 37.46, 36.67, 35.91, 35.19]


PDHG

pdhg_175 = [48.54, 49.17, 42.7, 31.93, 22.45, 21.62, 16.72, 15.05, 13.85, 12.74, 12.68, 12.76, 13.84, 13.49, 13.11, 12.64, 12.19, 12.08, 12.65, 13.7, 14.63, 15.2, 14.21, 13.15, 12.1]

pdhg_430 = [81.26, 64.61, 51.47, 38.17, 26.71, 19.9, 15.03, 14.44, 13.31, 11.81, 10.65, 9.66, 8.51, 7.91, 7.82, 7.94, 8.51, 8.94, 8.64, 7.91, 7.14, 6.91, 7.18, 7.3, 7.53]

pdhg_230 = [86.48, 67.84, 53.18, 38.65, 26.82, 19.76, 14.41, 13.06, 11.55, 10.02, 8.94, 7.98, 7.28, 7.06, 6.93, 6.99, 7.46, 7.68, 7.35, 6.71, 6.25, 6.38, 6.74, 6.96, 6.81]

pdhg_330 = [84.8, 67.78, 54.04, 40.08, 28.2, 20.99, 15.64, 12.99, 11.55, 10.28, 9.14, 8.12, 7.73, 7.86, 7.24, 6.84, 6.65, 6.63, 6.51, 6.38, 6.61, 7.39, 7.26, 7.39, 7.41]

pdhg_90 = [77.1, 77.39, 59.43, 41.55, 28.28, 21.61, 16.07, 13.04, 11.48, 9.97, 8.79, 7.79, 7.18, 6.86, 6.55, 6.15, 5.97, 6.09, 6.09, 5.97, 6.04, 6.41, 7.04, 7.9, 8.08]

