CGLS
cgls_175 = [41.05, 40.91, 36.66, 33.69, 29.97, 27.89, 25.52, 24.48, 23.76, 22.91, 22.57, 22.5, 22.1, 21.63, 21.35, 21.11, 20.93, 20.69, 20.62, 20.57, 20.49, 20.31, 20.08, 19.49, 18.93]

cgls_430 = [36.66, 36.33, 39.84, 43.19, 46.53, 47.07, 48.45, 49.51, 50.79, 51.78, 52.38, 52.8, 52.71, 52.61, 52.31, 51.84, 51.32, 50.73, 50.03, 49.47, 48.62, 47.74, 46.71, 45.75, 44.9]

cgls_230 = [35.64, 35.75, 40.84, 45.75, 51.72, 52.96, 54.25, 54.77, 55.47, 55.95, 56.08, 56.16, 56.41, 56.16, 56.03, 55.97, 55.95, 55.91, 55.73, 55.56, 54.42, 53.03, 51.4, 49.78, 48.32]

cgls_330 = [37.71, 35.94, 39.9, 44.43, 47.66, 48.51, 50.33, 51.74, 52.81, 53.66, 54.29, 54.74, 55.06, 54.94, 54.95, 54.91, 54.76, 54.63, 54.6, 54.6, 54.51, 54.33, 54.07, 53.83, 53.65]

cgls_90 = [41.72, 30.17, 34.05, 40.94, 46.68, 47.8, 49.46, 50.97, 52.21, 53.28, 53.7, 53.74, 53.95, 54.21, 54.29, 54.37, 54.29, 53.8, 53.06, 52.41, 51.37, 50.39, 49.33, 48.33, 47.39]

SIRT

sirt_175 = [40.86, 43.55, 46.59, 49.0, 49.74, 49.58, 49.04, 48.32, 47.71, 47.23, 46.89, 46.48, 45.96, 45.4, 44.89, 44.38, 43.95, 43.55, 43.09, 42.62, 42.14, 41.71, 41.32, 40.95, 40.61]

sirt_430 = [42.19, 36.82, 34.25, 35.87, 38.12, 40.29, 42.24, 43.96, 45.47, 46.83, 48.05, 49.14, 50.14, 51.07, 51.94, 52.75, 53.5, 54.2, 54.87, 55.5, 56.1, 56.66, 57.19, 57.7, 58.18]

sirt_230 = [42.0, 35.44, 32.29, 34.34, 37.16, 39.91, 42.36, 44.5, 46.42, 48.15, 49.71, 51.15, 52.47, 53.69, 54.79, 55.82, 56.79, 57.69, 58.54, 59.33, 60.08, 60.79, 61.46, 62.09, 62.7]

sirt_330 = [43.5, 37.29, 33.91, 35.25, 37.48, 39.74, 41.83, 43.68, 45.32, 46.82, 48.19, 49.45, 50.62, 51.7, 52.71, 53.65, 54.53, 55.35, 56.11, 56.83, 57.53, 58.18, 58.81, 59.41, 59.97]

sirt_90 = [41.66, 46.05, 43.58, 39.86, 35.99, 33.68, 34.74, 36.8, 38.87, 40.8, 42.57, 44.22, 45.72, 47.09, 48.34, 49.51, 50.58, 51.54, 52.46, 53.36, 54.18, 54.95, 55.68, 56.39, 57.06]

PDHG

pdhg_175 = [39.9, 43.53, 38.95, 32.72, 31.17, 32.97, 25.96, 21.65, 20.69, 20.53, 21.12, 22.44, 24.07, 23.06, 22.13, 21.54, 21.29, 21.63, 22.69, 24.11, 25.29, 26.07, 25.02, 23.82, 22.56]

pdhg_430 = [43.99, 33.48, 36.27, 41.59, 45.57, 50.62, 46.47, 44.14, 44.57, 44.63, 44.3, 44.42, 45.39, 46.93, 46.33, 45.25, 44.12, 43.51, 43.75, 44.57, 45.88, 47.49, 48.4, 47.95, 45.9]

pdhg_230 = [44.27, 31.65, 35.81, 42.22, 48.24, 54.25, 50.59, 48.29, 49.49, 50.2, 49.99, 50.08, 51.0, 51.54, 50.65, 49.69, 48.68, 48.36, 48.78, 49.77, 51.13, 52.64, 53.37, 53.49, 51.95]

pdhg_330 = [45.13, 33.11, 35.46, 42.09, 47.69, 51.58, 49.13, 46.42, 46.62, 47.04, 47.18, 47.59, 48.48, 49.46, 48.1, 46.75, 46.03, 45.88, 46.35, 47.37, 48.87, 50.25, 49.61, 49.5, 49.12]

pdhg_90 = [39.36, 40.84, 28.79, 37.45, 45.78, 51.91, 49.42, 47.09, 46.63, 48.19, 47.87, 47.48, 47.89, 48.28, 48.2, 47.59, 47.17, 46.7, 46.85, 47.54, 48.69, 49.61, 50.58, 51.6, 51.53]


