iteraciones = [2, 4, 6, 8, 10, 12, 14, 16, 18, 20, 22, 24, 26, 28, 30, 32, 34, 36, 38, 40, 42, 44, 46, 48, 50]

sirt_90 = [80.59, 84.41, 80.26, 75.36, 70.62, 66.27, 62.46, 59.1, 56.17, 53.62, 51.4, 49.43, 47.68, 46.1, 44.7, 43.39, 42.21, 41.16, 40.16, 39.18, 38.29, 37.46, 36.67, 35.91, 35.19]

pero me gustaria agregar varios arreglos de sirt, por ejemplo:

sirt_90 = [80.59, 84.41, 80.26, 75.36, 70.62, 66.27, 62.46, 59.1, 56.17, 53.62, 51.4, 49.43, 47.68, 46.1, 44.7, 43.39, 42.21, 41.16, 40.16, 39.18, 38.29, 37.46, 36.67, 35.91, 35.19]

sirt_130 = [34.28, 33.55, 40.73, 45.24, 48.11, 49.95, 51.33, 52.4, 53.22, 53.76, 53.7, 53.47, 53.14, 52.71, 52.18, 51.67, 51.1, 50.51, 49.92, 49.34, 48.77, 48.2, 47.62, 47.05, 46.56]

sirt_175 = [49.05, 50.72, 52.46, 53.8, 53.84, 53.18, 52.25, 51.2, 50.32, 49.61, 49.07, 48.48, 47.81, 47.12, 46.48, 45.87, 45.35, 44.86, 44.32, 43.78, 43.22, 42.72, 42.25, 41.8, 41.38]

sirt_230 = [86.01, 77.78, 70.87, 66.04, 61.82, 58.16, 55.0, 52.22, 49.7, 47.52, 45.61, 43.87, 42.3, 40.9, 39.63, 38.47, 37.38, 36.38, 35.46, 34.59, 33.79, 33.03, 32.33, 31.68, 31.06]

sirt_280 = [27.95, 28.83, 34.17, 37.11, 38.64, 39.48, 39.94, 40.15, 40.27, 40.33, 40.25, 40.04, 39.84, 39.71, 39.61, 39.55, 39.51, 39.49, 39.48, 39.47, 39.45, 39.4, 39.36, 39.33, 39.31]

sirt_330 = [84.18, 76.98, 71.25, 67.01, 63.03, 59.45, 56.32, 53.65, 51.26, 49.0, 47.04, 45.28, 43.69, 42.27, 40.96, 39.79, 38.7, 37.71, 36.78, 35.92, 35.12, 34.38, 33.68, 33.06, 32.51]

sirt_380 = [19.87, 19.09, 21.61, 22.86, 23.37, 23.6, 23.75, 23.86, 24.0, 24.14, 24.28, 24.4, 24.52, 24.62, 24.72, 24.8, 24.86, 24.93, 24.98, 25.03, 25.08, 25.12, 25.16, 25.2, 25.24]

sirt_430 = [80.75, 73.88, 68.36, 64.44, 60.84, 57.63, 54.83, 52.31, 50.16, 48.23, 46.57, 45.07, 43.69, 42.42, 41.23, 40.15, 39.17, 38.25, 37.39, 36.59, 35.85, 35.17, 34.54, 33.95, 33.41]



sirt_data = [sirt_90, sirt_130, sirt_175, sirt_230, sirt_280, sirt_330, sirt_380, sirt_430]

Z = [90,130,175,230,280,330,380,430]

Donde 

90 es Cobre
130 es PVC
175 es Alumnio
230 es Laton
280 es PTFE
330 es Bronce
380 es Derlin
430 es Acero
