sirt_90 = [42.3, 44.26, 32.48, 25.52, 26.13, 27.96, 30.09, 32.25, 34.31, 36.2, 37.92, 39.5, 40.93, 42.25, 43.45, 44.57, 45.61, 46.54, 47.42, 48.3, 49.11, 49.86, 50.57, 51.27, 51.93]

sirt_130 = [55.3, 39.92, 31.14, 27.11, 25.11, 23.92, 23.23, 22.81, 22.53, 22.24, 21.55, 20.83, 20.1, 19.34, 18.53, 17.8, 17.04, 16.29, 15.57, 14.87, 14.2, 13.56, 12.91, 12.29, 11.76]

sirt_175 = [41.46, 40.27, 35.11, 29.04, 24.91, 21.97, 19.87, 18.4, 17.48, 16.93, 16.6, 16.37, 16.21, 16.13, 16.12, 16.16, 16.22, 16.31, 16.43, 16.57, 16.74, 16.92, 17.1, 17.29, 17.48]

sirt_230 = [42.72, 39.0, 35.14, 33.54, 34.05, 35.33, 36.86, 38.43, 39.99, 41.45, 42.8, 44.08, 45.27, 46.37, 47.39, 48.34, 49.24, 50.09, 50.88, 51.63, 52.34, 53.01, 53.64, 54.23, 54.81]

sirt_280 = [45.47, 41.33, 31.97, 27.49, 24.9, 23.3, 22.15, 21.2, 20.48, 19.9, 19.32, 18.71, 18.17, 17.75, 17.42, 17.15, 16.95, 16.77, 16.62, 16.5, 16.38, 16.24, 16.12, 16.03, 15.94]

sirt_330 = [43.11, 39.31, 35.77, 33.66, 33.81, 34.85, 36.23, 37.64, 39.08, 40.54, 41.9, 43.17, 44.37, 45.49, 46.53, 47.51, 48.42, 49.27, 50.07, 50.81, 51.53, 52.2, 52.84, 53.44, 54.01]

sirt_380 = [49.89, 49.26, 45.54, 44.05, 43.45, 43.22, 43.12, 43.06, 43.09, 43.1, 43.12, 43.12, 43.12, 43.12, 43.12, 43.11, 43.1, 43.1, 43.1, 43.09, 43.09, 43.1, 43.1, 43.11, 43.11]

sirt_430 = [43.5, 39.99, 36.52, 34.35, 34.32, 35.13, 36.24, 37.47, 38.69, 39.87, 40.97, 42.03, 43.03, 43.99, 44.91, 45.77, 46.58, 47.34, 48.06, 48.75, 49.39, 50.0, 50.56, 51.1, 51.61]



sirt_data = [sirt_90, sirt_130, sirt_175, sirt_230, sirt_280, sirt_330, sirt_380, sirt_430]