Corte 430 iteraciones 50

FDK_430A
sirt = [80.75, 73.88, 68.36, 64.44, 60.84, 57.63, 54.83, 52.31, 50.16, 48.23, 46.57, 45.07, 43.69, 42.42, 41.23, 40.15, 39.17, 38.25, 37.39, 36.59, 35.85, 35.17, 34.54, 33.95, 33.41]

cgls = [72.68, 55.08, 43.82, 34.99, 28.58, 24.26, 20.0, 17.62, 15.87, 14.53, 13.27, 12.57, 11.94, 11.3, 10.77, 10.2, 9.76, 9.36, 8.98, 8.71, 8.46, 8.28, 8.22, 8.26, 8.39]

pdhg = [81.26, 64.61, 51.47, 38.17, 26.71, 19.9, 15.03, 14.44, 13.31, 11.81, 10.65, 9.66, 8.51, 7.91, 7.82, 7.94, 8.51, 8.94, 8.64, 7.91, 7.14, 6.91, 7.18, 7.3, 7.53]

---------------------------
IDEAL
sirt = [43.5, 39.99, 36.52, 34.35, 34.32, 35.13, 36.24, 37.47, 38.69, 39.87, 40.97, 42.03, 43.03, 43.99, 44.91, 45.77, 46.58, 47.34, 48.06, 48.75, 49.39, 50.0, 50.56, 51.1, 51.61]

cgls = [37.44, 41.66, 47.24, 53.11, 57.61, 61.27, 65.03, 67.17, 68.6, 69.74, 70.82, 71.48, 72.02, 72.57, 73.01, 73.48, 73.84, 74.18, 74.54, 74.83, 75.15, 75.5, 75.82, 76.12, 76.38]

pdhg = [40.58, 38.77, 44.08, 52.12, 60.92, 67.25, 74.01, 78.07, 79.39, 80.49, 81.59, 82.59, 83.36, 83.85, 84.71, 85.34, 85.52, 85.28, 84.92, 84.41, 83.75, 82.92, 82.11, 81.58, 81.41]

---------------------------
PVC con filtro
sirt = [44.41, 51.92, 62.55, 73.07, 80.94, 86.89, 91.52, 95.34, 98.48, 101.18, 103.47, 105.5, 107.31, 108.94, 110.46, 111.82, 113.05, 114.19, 115.25, 116.23, 117.13, 117.97, 118.75, 119.47, 120.15]

cgls = [54.75, 78.39, 91.13, 99.56, 106.73, 108.84, 111.47, 113.09, 114.88, 116.2, 117.04, 117.58, 117.58, 117.57, 117.33, 116.9, 116.39, 115.8, 115.09, 114.51, 113.61, 112.66, 111.51, 110.42, 109.43]

pdhg = [46.99, 64.5, 80.5, 93.95, 102.75, 110.72, 107.0, 103.45, 104.34, 105.23, 105.54, 106.23, 107.88, 110.2, 109.47, 108.05, 106.41, 105.51, 105.9, 107.16, 109.09, 111.38, 112.71, 112.36, 109.94]

----------------------------
PVC

sirt = [42.19, 36.82, 34.25, 35.87, 38.12, 40.29, 42.24, 43.96, 45.47, 46.83, 48.05, 49.14, 50.14, 51.07, 51.94, 52.75, 53.5, 54.2, 54.87, 55.5, 56.1, 56.66, 57.19, 57.7, 58.18]

cgls = [36.66, 36.33, 39.84, 43.19, 46.53, 47.07, 48.45, 49.51, 50.79, 51.78, 52.38, 52.8, 52.71, 52.61, 52.31, 51.84, 51.32, 50.73, 50.03, 49.47, 48.62, 47.74, 46.71, 45.75, 44.9]

pdhg = [43.99, 33.48, 36.27, 41.59, 45.57, 50.62, 46.47, 44.14, 44.57, 44.63, 44.3, 44.42, 45.39, 46.93, 46.33, 45.25, 44.12, 43.51, 43.75, 44.57, 45.88, 47.49, 48.4, 47.95, 45.9]

