Corte 175 iteraciones 50

FDK_175

sirt = [49.05, 50.72, 52.46, 53.8, 53.84, 53.18, 52.25, 51.2, 50.32, 49.61, 49.07, 48.48, 47.81, 47.12, 46.48, 45.87, 45.35, 44.86, 44.32, 43.78, 43.22, 42.72, 42.25, 41.8, 41.38]

cgls = [48.26, 45.07, 39.38, 35.41, 30.77, 27.86, 23.96, 21.19, 19.35, 17.53, 15.97, 15.03, 14.28, 13.4, 12.82, 12.41, 12.06, 11.77, 11.37, 11.11, 10.81, 10.59, 10.32, 10.04, 9.78]

pdhg = [48.54, 49.17, 42.7, 31.93, 22.45, 21.62, 16.72, 15.05, 13.85, 12.74, 12.68, 12.76, 13.84, 13.49, 13.11, 12.64, 12.19, 12.08, 12.65, 13.7, 14.63, 15.2, 14.21, 13.15, 12.1]

------------------------------------
IDEAL
sirt = [41.46, 40.27, 35.11, 29.04, 24.91, 21.97, 19.87, 18.4, 17.48, 16.93, 16.6, 16.37, 16.21, 16.13, 16.12, 16.16, 16.22, 16.31, 16.43, 16.57, 16.74, 16.92, 17.1, 17.29, 17.48]

cgls = [35.0, 28.22, 26.55, 26.46, 27.86, 29.85, 32.7, 34.94, 36.43, 37.99, 39.35, 40.18, 40.85, 41.66, 42.19, 42.57, 42.9, 43.19, 43.57, 43.82, 44.11, 44.35, 44.65, 45.06, 45.48]

pdhg = [36.54, 33.33, 29.21, 32.53, 39.34, 42.47, 48.77, 53.19, 53.81, 54.13, 55.59, 56.76, 57.62, 59.34, 60.71, 60.96, 60.25, 59.08, 57.99, 57.13, 56.56, 55.98, 55.9, 55.55, 55.09]

------------------------------------
PVC
sirt = [48.74, 49.26, 53.5, 58.05, 61.07, 63.47, 65.54, 67.4, 69.03, 70.41, 71.56, 72.6, 73.6, 74.55, 75.41, 76.22, 76.95, 77.61, 78.28, 78.93, 79.58, 80.17, 80.72, 81.25, 81.74]

cgls = [56.53, 60.23, 65.73, 70.13, 74.83, 75.51, 77.41, 79.31, 80.25, 80.59, 81.26, 81.76, 81.67, 81.54, 81.48, 81.4, 81.31, 81.12, 81.24, 81.33, 81.36, 81.24, 81.03, 80.35, 79.68]

pdhg = [56.03, 54.98, 60.0, 70.67, 79.52, 87.03, 82.08, 76.71, 76.93, 78.94, 81.64, 84.45, 86.8, 85.41, 84.32, 84.1, 84.52, 85.51, 87.1, 88.84, 90.13, 90.88, 89.4, 87.76, 86.17]

