Corte 330 iteraciones 50

FDK_330

sirt = [84.18, 76.98, 71.25, 67.01, 63.03, 59.45, 56.32, 53.65, 51.26, 49.0, 47.04, 45.28, 43.69, 42.27, 40.96, 39.79, 38.7, 37.71, 36.78, 35.92, 35.12, 34.38, 33.68, 33.06, 32.51]

cgls = [76.58, 58.16, 45.36, 35.9, 28.37, 24.09, 19.83, 17.28, 15.43, 14.3, 13.51, 13.18, 12.94, 12.4, 12.15, 11.9, 11.64, 11.42, 11.31, 11.25, 11.13, 10.97, 10.76, 10.59, 10.49]

pdhg = [84.8, 67.78, 54.04, 40.08, 28.2, 20.99, 15.64, 12.99, 11.55, 10.28, 9.14, 8.12, 7.73, 7.86, 7.24, 6.84, 6.65, 6.63, 6.51, 6.38, 6.61, 7.39, 7.26, 7.39, 7.41]

---------------------------
IDEAL
sirt = [43.11, 39.31, 35.77, 33.66, 33.81, 34.85, 36.23, 37.64, 39.08, 40.54, 41.9, 43.17, 44.37, 45.49, 46.53, 47.51, 48.42, 49.27, 50.07, 50.81, 51.53, 52.2, 52.84, 53.44, 54.01]

cgls = [35.76, 41.2, 47.18, 53.42, 59.09, 62.87, 66.8, 69.15, 70.88, 72.16, 73.34, 74.07, 74.6, 75.23, 75.64, 76.01, 76.31, 76.54, 76.73, 76.84, 76.96, 77.05, 77.1, 77.11, 77.09]

pdhg = [40.3, 38.05, 43.8, 51.73, 60.6, 67.74, 73.96, 78.16, 80.01, 81.12, 82.31, 83.46, 84.53, 85.44, 86.56, 87.29, 87.51, 87.45, 87.21, 86.82, 86.27, 85.65, 85.33, 84.68, 83.95]

---------------------------
PVC con filtro
sirt = [43.86, 50.95, 61.73, 72.6, 80.75, 87.1, 92.11, 96.16, 99.6, 102.68, 105.32, 107.64, 109.7, 111.54, 113.21, 114.7, 116.06, 117.31, 118.46, 119.52, 120.51, 121.42, 122.28, 123.08, 123.83]

cgls = [54.47, 77.31, 91.85, 102.17, 109.39, 111.65, 114.51, 116.47, 117.96, 119.1, 119.95, 120.54, 120.97, 120.95, 121.03, 121.05, 120.95, 120.85, 120.84, 120.86, 120.79, 120.62, 120.35, 120.09, 119.9]

pdhg = [46.1, 63.27, 79.31, 95.09, 106.14, 112.99, 111.54, 108.28, 108.75, 109.92, 110.78, 111.77, 113.08, 114.39, 112.75, 111.04, 110.11, 109.9, 110.5, 111.89, 113.87, 115.66, 114.88, 114.91, 114.67]

----------------------------
PVC

sirt = [43.5, 37.29, 33.91, 35.25, 37.48, 39.74, 41.83, 43.68, 45.32, 46.82, 48.19, 49.45, 50.62, 51.7, 52.71, 53.65, 54.53, 55.35, 56.11, 56.83, 57.53, 58.18, 58.81, 59.41, 59.97]

cgls = [37.71, 35.94, 39.9, 44.43, 47.66, 48.51, 50.33, 51.74, 52.81, 53.66, 54.29, 54.74, 55.06, 54.94, 54.95, 54.91, 54.76, 54.63, 54.6, 54.6, 54.51, 54.33, 54.07, 53.83, 53.65]

pdhg = [45.13, 33.11, 35.46, 42.09, 47.69, 51.58, 49.13, 46.42, 46.62, 47.04, 47.18, 47.59, 48.48, 49.46, 48.1, 46.75, 46.03, 45.88, 46.35, 47.37, 48.87, 50.25, 49.61, 49.5, 49.12]

