Corte 430 iteraciones 50

FDK_430 y todos los algoritmos de Imagenes430

iteraciones = [2, 4, 6, 8, 10, 12, 14, 16, 18, 20, 22, 24, 26, 28, 30, 32, 34, 36, 38, 40, 42, 44, 46, 48, 50]

SIRT
sirt = [71.89, 64.17, 57.01, 52.22, 48.79, 45.88, 43.52, 41.49, 39.62, 37.94, 36.45, 35.09, 33.91, 32.73, 31.68, 30.74, 29.9, 29.14, 28.46, 27.78, 27.15, 26.57, 26.03, 25.54, 25.05]

CGLS
cgls = [61.51, 44.55, 34.31, 27.8, 20.81, 17.7, 14.47, 12.62, 10.39, 9.37, 8.14, 7.81, 7.68, 7.7, 7.7, 7.75, 7.98, 8.54, 9.37, 10.16, 11.42, 12.52, 14.11, 15.26, 16.77]

PDHG
pdhg = [71.01, 53.87, 41.16, 28.83, 18.52, 14.88, 13.66, 14.78, 14.65, 12.96, 12.38, 12.07, 11.77, 12.14, 12.6, 12.38, 11.76, 11.23, 11.35, 12.05, 13.31, 14.91, 16.72, 18.7, 20.76]