Corte 215 iteraciones 50

FDK_215 y todos los algoritmos de Imagenes215

CGLS
cgls = [59.17, 43.23, 34.45, 28.43, 21.55, 18.51, 15.93, 14.15, 11.99, 10.97, 9.71, 9.06, 8.41, 7.89, 7.52, 7.25, 7.06, 6.92, 6.83, 6.82, 6.92, 7.01, 7.24, 7.46, 7.82]

SIRT
sirt =  [68.49, 62.9, 56.97, 52.86, 49.79, 47.08, 44.66, 42.65, 40.8, 39.17, 37.75, 36.49, 35.3, 34.23, 33.3, 32.48, 31.74, 30.98, 30.26, 29.59, 28.96, 28.38, 27.84, 27.32, 26.8]

PDHG
pdhg =  [66.05, 53.4, 40.45, 27.59, 18.98, 15.5, 14.08, 15.46, 15.19, 13.61, 13.14, 12.58, 12.52, 13.49, 13.49, 12.92, 12.09, 11.37, 10.94, 10.69, 10.47, 10.97, 10.91, 10.83, 10.78]
