Corte 430 iteraciones 50

FDK_430_IDEAL y todos los algoritmos de Imagenes430

iteraciones = [2, 4, 6, 8, 10, 12, 14, 16, 18, 20, 22, 24, 26, 28, 30, 32, 34, 36, 38, 40, 42, 44, 46, 48, 50]

SIRT
sirt = [47.95, 45.86, 43.05, 40.77, 40.38, 40.77, 41.35, 42.03, 42.81, 43.62, 44.39, 45.15, 45.83, 46.58, 47.26, 47.89, 48.46, 48.98, 49.46, 49.95, 50.43, 50.86, 51.27, 51.65, 52.03]

CGLS
cgls = [43.57, 44.11, 47.8, 51.21, 56.51, 59.09, 62.17, 64.02, 66.11, 67.35, 69.06, 70.02, 71.03, 71.84, 72.47, 73.05, 73.64, 74.36, 75.24, 75.88, 76.71, 77.3, 78.07, 78.56, 79.16]

PDHG
pdhg = [40.85, 42.0, 45.46, 52.6, 60.44, 67.72, 74.9, 78.95, 80.35, 80.8, 81.61, 83.12, 84.14, 84.92, 85.56, 85.72, 85.31, 84.68, 84.39, 84.45, 84.78, 85.23, 85.57, 85.74, 85.71]
