Corte 90 iteraciones 50

FDK_90

sirt =  [80.59, 84.41, 80.26, 75.36, 70.62, 66.27, 62.46, 59.1, 56.17, 53.62, 51.4, 49.43, 47.68, 46.1, 44.7, 43.39, 42.21, 41.16, 40.16, 39.18, 38.29, 37.46, 36.67, 35.91, 35.19]

cgls = [78.88, 63.81, 48.73, 38.74, 30.86, 26.25, 21.56, 18.51, 16.38, 14.82, 13.31, 12.33, 11.66, 11.25, 11.03, 10.87, 10.64, 10.08, 9.31, 8.68, 7.86, 7.27, 6.83, 6.57, 6.51]

pdhg = [77.1, 77.39, 59.43, 41.55, 28.28, 21.61, 16.07, 13.04, 11.48, 9.97, 8.79, 7.79, 7.18, 6.86, 6.55, 6.15, 5.97, 6.09, 6.09, 5.97, 6.04, 6.41, 7.04, 7.9, 8.08]

--------------------------
IDEAL
sirt = [42.3, 44.26, 32.48, 25.52, 26.13, 27.96, 30.09, 32.25, 34.31, 36.2, 37.92, 39.5, 40.93, 42.25, 43.45, 44.57, 45.61, 46.54, 47.42, 48.3, 49.11, 49.86, 50.57, 51.27, 51.93]

cgls = [36.54, 34.52, 43.36, 50.67, 57.06, 61.21, 65.5, 68.25, 70.07, 71.41, 72.75, 73.62, 74.3, 74.94, 75.38, 75.8, 76.12, 76.56, 77.0, 77.39, 77.75, 78.16, 78.61, 79.04, 79.38]

pdhg = [35.08, 33.05, 37.32, 49.46, 60.25, 67.15, 73.32, 77.36, 79.64, 80.66, 82.16, 83.59, 84.71, 85.7, 86.52, 87.08, 87.24, 87.26, 87.08, 86.78, 86.39, 85.97, 85.39, 84.71, 84.22]

---------------------------
PVC con filtro
sirt = [44.69, 45.47, 53.66, 65.21, 73.94, 80.73, 86.12, 90.6, 94.37, 97.6, 100.42, 102.93, 105.14, 107.12, 108.86, 110.47, 111.92, 113.21, 114.42, 115.59, 116.66, 117.65, 118.58, 119.48, 120.32]

cgls = [50.42, 71.2, 87.6, 99.45, 108.37, 110.56, 113.08, 115.11, 116.81, 118.19, 118.8, 118.94, 119.28, 119.66, 119.8, 119.94, 119.89, 119.41, 118.63, 117.95, 116.81, 115.71, 114.49, 113.3, 112.16]

pdhg = [53.03, 53.44, 73.39, 92.47, 105.4, 113.6, 111.69, 108.96, 108.36, 110.99, 110.95, 110.61, 111.24, 111.79, 111.71, 110.92, 110.38, 109.63, 109.74, 110.63, 112.17, 113.43, 114.86, 116.37, 116.51]

----------------------------
PVC

sirt = [41.66, 46.05, 43.58, 39.86, 35.99, 33.68, 34.74, 36.8, 38.87, 40.8, 42.57, 44.22, 45.72, 47.09, 48.34, 49.51, 50.58, 51.54, 52.46, 53.36, 54.18, 54.95, 55.68, 56.39, 57.06]

cgls = [41.72, 30.17, 34.05, 40.94, 46.68, 47.8, 49.46, 50.97, 52.21, 53.28, 53.7, 53.74, 53.95, 54.21, 54.29, 54.37, 54.29, 53.8, 53.06, 52.41, 51.37, 50.39, 49.33, 48.33, 47.39]

pdhg = [39.36, 40.84, 28.79, 37.45, 45.78, 51.91, 49.42, 47.09, 46.63, 48.19, 47.87, 47.48, 47.89, 48.28, 48.2, 47.59, 47.17, 46.7, 46.85, 47.54, 48.69, 49.61, 50.58, 51.6, 51.53]
