Corte 380 iteraciones 50

FDK_380

sirt = [19.87, 19.09, 21.61, 22.86, 23.37, 23.6, 23.75, 23.86, 24.0, 24.14, 24.28, 24.4, 24.52, 24.62, 24.72, 24.8, 24.86, 24.93, 24.98, 25.03, 25.08, 25.12, 25.16, 25.2, 25.24]

cgls = [20.78, 16.69, 16.23, 14.37, 9.93, 7.39, 7.45, 8.49, 10.15, 11.61, 12.66, 13.99, 16.57, 19.27, 21.12, 23.44, 25.6, 27.68, 30.6, 33.1, 36.07, 38.78, 41.76, 44.69, 47.21]

pdhg = [22.75, 19.5, 16.37, 14.29, 15.24, 13.1, 11.07, 10.29, 11.05, 15.13, 21.47, 27.69, 31.64, 32.01, 32.8, 36.2, 39.22, 41.87, 43.33, 45.34, 48.09, 51.03, 52.06, 53.67, 55.82]

-------------------------
IDEAL
sirt = [49.89, 49.26, 45.54, 44.05, 43.45, 43.22, 43.12, 43.06, 43.09, 43.1, 43.12, 43.12, 43.12, 43.12, 43.12, 43.11, 43.1, 43.1, 43.1, 43.09, 43.09, 43.1, 43.1, 43.11, 43.11]

cgls = [52.61, 47.59, 47.5, 48.71, 51.36, 53.0, 55.02, 57.09, 58.55, 59.5, 60.56, 61.27, 62.26, 63.61, 64.82, 65.82, 66.68, 67.73, 69.13, 70.17, 71.47, 72.78, 74.26, 75.57, 76.67]

pdhg = [49.67, 50.58, 48.89, 49.03, 51.4, 55.23, 57.9, 60.03, 62.11, 64.06, 65.81, 67.26, 69.14, 71.07, 72.38, 73.84, 74.86, 75.63, 76.36, 77.13, 78.1, 79.08, 80.08, 80.89, 81.57]

--------------------------
PVC con filtro
sirt = [88.03, 89.89, 98.76, 103.23, 105.64, 107.12, 108.08, 108.72, 109.27, 109.68, 110.0, 110.26, 110.46, 110.64, 110.79, 110.92, 111.03, 111.13, 111.21, 111.29, 111.36, 111.43, 111.48, 111.55, 111.6]

cgls = [102.76, 99.54, 101.36, 99.57, 94.99, 90.86, 84.94, 81.96, 78.98, 76.91, 75.6, 74.08, 71.26, 68.45, 66.56, 64.25, 62.1, 60.03, 57.15, 54.69, 51.75, 49.08, 46.16, 43.31, 40.85]

pdhg = [102.49, 102.07, 100.67, 96.42, 92.63, 89.34, 88.55, 86.49, 81.65, 74.73, 67.44, 60.76, 56.76, 56.33, 55.39, 51.82, 48.75, 46.12, 44.69, 42.77, 40.2, 37.49, 36.51, 34.98, 32.99]

----------------------------
PVC

sirt = [33.77, 34.87, 42.43, 46.31, 48.37, 49.59, 50.37, 50.88, 51.29, 51.58, 51.83, 52.02, 52.18, 52.32, 52.44, 52.54, 52.63, 52.71, 52.78, 52.85, 52.91, 52.97, 53.02, 53.06, 53.11]

cgls = [45.15, 41.7, 42.96, 41.73, 37.05, 33.29, 28.61, 26.36, 24.49, 23.52, 23.17, 22.8, 22.4, 22.62, 23.21, 23.91, 24.65, 25.63, 27.12, 28.37, 29.93, 31.48, 33.26, 34.94, 36.39]

pdhg = [45.37, 44.49, 42.51, 37.2, 32.7, 30.44, 30.91, 30.28, 27.76, 25.33, 24.66, 25.76, 27.68, 28.98, 30.18, 32.11, 33.52, 34.63, 35.32, 36.31, 37.74, 39.34, 40.17, 41.19, 42.45]
