Corte 230 iteraciones 50

FDK_230

sirt = [86.01, 77.78, 70.87, 66.04, 61.82, 58.16, 55.0, 52.22, 49.7, 47.52, 45.61, 43.87, 42.3, 40.9, 39.63, 38.47, 37.38, 36.38, 35.46, 34.59, 33.79, 33.03, 32.33, 31.68, 31.06]

cgls = [76.99, 57.07, 44.35, 34.18, 27.46, 23.16, 18.92, 16.44, 14.52, 13.11, 11.81, 11.06, 10.63, 9.97, 9.55, 9.22, 9.0, 8.83, 8.59, 8.41, 7.88, 7.59, 7.54, 7.73, 8.14]

pdhg = [86.48, 67.84, 53.18, 38.65, 26.82, 19.76, 14.41, 13.06, 11.55, 10.02, 8.94, 7.98, 7.28, 7.06, 6.93, 6.99, 7.46, 7.68, 7.35, 6.71, 6.25, 6.38, 6.74, 6.96, 6.81]

--------------------------
IDEAL
sirt = [42.72, 39.0, 35.14, 33.54, 34.05, 35.33, 36.86, 38.43, 39.99, 41.45, 42.8, 44.08, 45.27, 46.37, 47.39, 48.34, 49.24, 50.09, 50.88, 51.63, 52.34, 53.01, 53.64, 54.23, 54.81]

cgls = [36.56, 40.81, 47.48, 54.46, 59.26, 63.07, 67.06, 69.42, 71.17, 72.51, 73.77, 74.54, 75.05, 75.66, 76.07, 76.44, 76.69, 76.87, 77.08, 77.23, 77.57, 77.95, 78.35, 78.74, 79.08]

pdhg = [39.3, 37.94, 43.33, 52.48, 61.41, 67.72, 74.22, 78.22, 79.79, 81.0, 82.29, 83.44, 84.38, 85.31, 86.28, 86.92, 87.29, 87.33, 87.16, 86.83, 86.35, 85.7, 85.02, 84.29, 83.83]

---------------------------
PVC
sirt = [43.43, 51.59, 64.07, 75.5, 84.0, 90.43, 95.45, 99.56, 103.07, 106.04, 108.59, 110.87, 112.88, 114.67, 116.27, 117.72, 119.07, 120.3, 121.43, 122.49, 123.46, 124.37, 125.22, 126.01, 126.77]

cgls = [53.53, 80.64, 95.14, 104.95, 114.15, 116.52, 118.61, 119.48, 120.53, 121.24, 121.53, 121.71, 122.04, 121.86, 121.77, 121.76, 121.77, 121.75, 121.58, 121.42, 120.21, 118.7, 116.88, 114.99, 113.23]

pdhg = [46.38, 64.28, 82.93, 97.51, 107.99, 116.26, 112.85, 109.69, 111.52, 113.0, 113.27, 113.78, 115.14, 115.89, 114.77, 113.54, 112.15, 111.69, 112.28, 113.66, 115.51, 117.52, 118.54, 118.86, 117.16]