Corte 280 iteraciones 50

FDK_280

sirt = [27.95, 28.83, 34.17, 37.11, 38.64, 39.48, 39.94, 40.15, 40.27, 40.33, 40.25, 40.04, 39.84, 39.71, 39.61, 39.55, 39.51, 39.49, 39.48, 39.47, 39.45, 39.4, 39.36, 39.33, 39.31]

cgls = [32.56, 31.23, 28.85, 27.58, 25.89, 24.27, 20.07, 17.25, 14.72, 13.38, 12.32, 11.53, 10.85, 10.18, 9.86, 9.71, 9.41, 9.2, 9.13, 9.27, 9.69, 10.25, 10.83, 11.46, 12.31]

pdhg = [33.69, 32.7, 29.91, 20.45, 14.97, 18.26, 25.99, 20.79, 18.71, 17.53, 16.42, 15.9, 16.07, 16.59, 16.76, 16.42, 15.66, 14.68, 13.87, 13.75, 14.28, 15.13, 15.7, 16.05, 16.23]

--------------------------
IDEAL
sirt = [45.47, 41.33, 31.97, 27.49, 24.9, 23.3, 22.15, 21.2, 20.48, 19.9, 19.32, 18.71, 18.17, 17.75, 17.42, 17.15, 16.95, 16.77, 16.62, 16.5, 16.38, 16.24, 16.12, 16.03, 15.94]

cgls = [34.43, 29.16, 25.86, 24.79, 23.16, 25.06, 27.52, 29.25, 30.29, 31.32, 31.88, 32.27, 32.71, 33.37, 33.96, 34.41, 35.32, 36.3, 37.47, 38.38, 39.65, 40.84, 42.1, 43.31, 44.39]

pdhg = [35.32, 32.34, 29.63, 34.01, 45.79, 41.25, 35.45, 38.63, 37.74, 38.16, 41.65, 44.93, 47.87, 50.0, 51.26, 51.38, 50.79, 49.65, 49.1, 49.26, 49.79, 50.75, 51.26, 51.65, 51.86]

---------------------------
PVC con filtro

sirt = [46.8, 49.42, 58.36, 62.26, 64.29, 65.53, 66.43, 67.07, 67.57, 67.96, 68.24, 68.45, 68.66, 68.85, 69.03, 69.2, 69.35, 69.49, 69.61, 69.73, 69.83, 69.94, 70.03, 70.12, 70.2]

cgls = [61.92, 59.42, 60.12, 60.13, 61.65, 59.69, 56.92, 55.03, 53.99, 52.92, 52.56, 52.38, 52.1, 51.55, 50.93, 50.43, 49.51, 48.5, 47.3, 46.32, 44.9, 43.56, 42.25, 41.02, 39.78]

pdhg = [62.46, 59.49, 59.06, 57.97, 51.8, 62.69, 72.21, 65.44, 64.95, 64.7, 63.01, 60.94, 58.79, 56.94, 55.23, 54.2, 53.58, 53.33, 52.13, 51.21, 51.21, 50.87, 50.72, 50.18, 49.66]

----------------------------
PVC

sirt = [34.75, 37.0, 43.24, 47.24, 49.57, 51.01, 51.92, 52.44, 52.82, 53.09, 53.17, 53.09, 53.01, 52.98, 52.98, 53.01, 53.06, 53.12, 53.18, 53.24, 53.29, 53.29, 53.31, 53.34, 53.36]

cgls = [37.02, 42.15, 41.54, 41.45, 40.08, 38.79, 34.91, 32.28, 29.84, 28.63, 27.71, 27.01, 26.39, 25.75, 25.47, 25.35, 25.07, 24.87, 24.82, 25.0, 25.51, 26.21, 26.96, 27.77, 28.78]

pdhg = [36.73, 41.11, 41.07, 29.9, 20.75, 19.57, 24.61, 21.7, 21.34, 20.22, 17.9, 16.04, 14.64, 14.46, 15.22, 15.82, 16.1, 16.27, 17.16, 17.74, 17.58, 17.76, 17.86, 18.28, 18.69]
