Corte 130 iteraciones 50

FDK_130

sirt = [34.28, 33.55, 40.73, 45.24, 48.11, 49.95, 51.33, 52.4, 53.22, 53.76, 53.7, 53.47, 53.14, 52.71, 52.18, 51.67, 51.1, 50.51, 49.92, 49.34, 48.77, 48.2, 47.62, 47.05, 46.56]

cgls = [34.01, 41.6, 39.38, 31.0, 26.97, 21.59, 15.7, 13.75, 13.61, 13.68, 13.29, 13.79, 13.24, 13.4, 15.29, 14.78, 14.63, 16.6, 17.93, 19.01, 20.28, 22.13, 23.96, 25.95, 27.85]

pdhg = [33.22, 39.59, 41.39, 34.06, 22.3, 18.14, 16.23, 16.64, 12.55, 9.4, 10.31, 10.86, 11.07, 12.1, 13.44, 15.83, 19.94, 24.3, 26.08, 26.19, 25.06, 23.16, 21.99, 21.73, 22.48]

--------------------------
IDEAL
sirt = [55.3, 39.92, 31.14, 27.11, 25.11, 23.92, 23.23, 22.81, 22.53, 22.24, 21.55, 20.83, 20.1, 19.34, 18.53, 17.8, 17.04, 16.29, 15.57, 14.87, 14.2, 13.56, 12.91, 12.29, 11.76]

cgls = [35.57, 32.3, 29.71, 23.33, 26.41, 31.63, 37.86, 40.7, 42.2, 43.49, 44.86, 46.08, 47.75, 48.93, 49.49, 50.63, 51.92, 53.12, 54.29, 55.44, 56.74, 58.0, 59.11, 60.26, 61.45]

pdhg = [36.55, 32.24, 31.88, 30.02, 39.49, 40.78, 46.24, 51.45, 52.59, 52.81, 54.12, 56.85, 59.84, 62.09, 62.98, 62.75, 61.96, 61.3, 61.04, 62.07, 63.87, 65.39, 66.76, 67.56, 67.98]

--------------------------
PVCF
sirt = [38.55, 54.89, 63.23, 66.38, 67.7, 68.35, 68.77, 69.07, 69.32, 69.47, 69.31, 69.06, 68.77, 68.45, 68.24, 68.23, 68.49, 68.99, 69.65, 70.37, 71.08, 71.77, 72.47, 73.15, 73.75]

cgls = [67.59, 57.15, 56.13, 64.88, 61.23, 63.39, 63.15, 62.31, 59.95, 58.16, 57.87, 56.55, 56.44, 55.83, 53.46, 53.79, 53.69, 51.4, 49.87, 48.66, 47.32, 45.41, 43.56, 41.56, 39.67]

pdhg = [68.09, 64.26, 57.88, 58.9, 54.99, 57.36, 78.88, 82.11, 77.03, 68.78, 62.99, 61.49, 61.97, 61.32, 58.22, 53.06, 47.59, 43.08, 41.26, 41.12, 42.27, 44.23, 45.51, 45.88, 45.07]



Matlab cgls bronce
7.6658e+03
1.9337e+03