sirt_90 = [41.66, 46.05, 43.58, 39.86, 35.99, 33.68, 34.74, 36.8, 38.87, 40.8, 42.57, 44.22, 45.72, 47.09, 48.34, 49.51, 50.58, 51.54, 52.46, 53.36, 54.18, 54.95, 55.68, 56.39, 57.06]

sirt_130 = [35.4, 34.68, 41.85, 46.36, 49.24, 51.07, 52.46, 53.52, 54.34, 54.89, 54.82, 54.59, 54.27, 53.84, 53.3, 52.8, 52.22, 51.63, 51.04, 50.46, 49.89, 49.33, 48.75, 48.18, 47.68]

sirt_175 = [40.86, 43.55, 46.59, 49.0, 49.74, 49.58, 49.04, 48.32, 47.71, 47.23, 46.89, 46.48, 45.96, 45.4, 44.89, 44.38, 43.95, 43.55, 43.09, 42.62, 42.14, 41.71, 41.32, 40.95, 40.61]

sirt_230 = [42.0, 35.44, 32.29, 34.34, 37.16, 39.91, 42.36, 44.5, 46.42, 48.15, 49.71, 51.15, 52.47, 53.69, 54.79, 55.82, 56.79, 57.69, 58.54, 59.33, 60.08, 60.79, 61.46, 62.09, 62.7]

sirt_280 = [34.75, 37.0, 43.24, 47.24, 49.57, 51.01, 51.92, 52.44, 52.82, 53.09, 53.17, 53.09, 53.01, 52.98, 52.98, 53.01, 53.06, 53.12, 53.18, 53.24, 53.29, 53.29, 53.31, 53.34, 53.36]

sirt_330 = [43.5, 37.29, 33.91, 35.25, 37.48, 39.74, 41.83, 43.68, 45.32, 46.82, 48.19, 49.45, 50.62, 51.7, 52.71, 53.65, 54.53, 55.35, 56.11, 56.83, 57.53, 58.18, 58.81, 59.41, 59.97]

sirt_380 = [33.77, 34.87, 42.43, 46.31, 48.37, 49.59, 50.37, 50.88, 51.29, 51.58, 51.83, 52.02, 52.18, 52.32, 52.44, 52.54, 52.63, 52.71, 52.78, 52.85, 52.91, 52.97, 53.02, 53.06, 53.11]

sirt_430 = [42.19, 36.82, 34.25, 35.87, 38.12, 40.29, 42.24, 43.96, 45.47, 46.83, 48.05, 49.14, 50.14, 51.07, 51.94, 52.75, 53.5, 54.2, 54.87, 55.5, 56.1, 56.66, 57.19, 57.7, 58.18]



sirt_data = [sirt_90, sirt_130, sirt_175, sirt_230, sirt_280, sirt_330, sirt_380, sirt_430]